  [1] 82 21 63 59 13 50 55 12 47 74 17 95 42 56 81  4 36 92 27 71 77 61 55 82 28
 [26] 37 92 56 53 74 79 55 15  9  8 79 12 87 71 63 47 27 96 49 41 28 14 94 47 71
 [51] 89 61 79 54 56  7 43 94 29 39 56 71  9 19 65 51 87 21 84 17  7 36  2 42 29
 [76] 82  1 64 28 23  6 61 51 39 59 14 62 18 58 13 38 27  8 83 41 77 28  3 39  1
[1] 46.75
[1] 762.3106
[1] 27.60997
  [1]  82  21  63  59  13  50  55  12  47  74 NaN  95  42 NaN  81   4 NaN  92
 [19] NaN  71  77 NaN NaN  82  28  37  92  56  53  74  79  55  15   9 NaN NaN
 [37]  12 NaN  71  63 NaN  27  96  49  41  28  14  94  47  71  89  61 NaN NaN
 [55]  56   7  43  94  29  39 NaN NaN   9  19  65  51  87  21  84  17 NaN  36
 [73]   2  42  29  82 NaN  64  28  23   6  61  51  39  59  14  62  18  58  13
 [91]  38  27   8  83 NaN  77  28   3  39   1
[1] 46.90361
